82  0.0  1
58  0.0  0
106 0.0  1
58  0.0  0
63  0.0  1
62  0.0  0
99  0.0  1
58  0.0  0
101 0.0  1
73  0.0  0
45  0.5  1
27  0.5  0
34  0.5  1
28  0.5  0
26  0.5  1
31  0.5  0
44  0.5  1
28  0.5  0
42  0.5  1
38  0.5  0
31  0.75 1
19  0.75 0
22  0.75 1
20  0.75 0
16  0.75 1
22  0.75 0
30  0.75 1
20  0.75 0
29  0.75 1
28  0.75 0
22  1.0  1
14  1.0  0
14  1.0  1
14  1.0  0
10  1.0  1
15  1.0  0
21  1.0  1
14  1.0  0
20  1.0  1
21  1.0  0
15  1.25 1
9   1.25 0
8   1.25 1
10  1.25 0
6   1.25 1
12  1.25 0
14  1.25 1
10  1.25 0
13  1.25 1
16  1.25 0
10  1.5  1
7   1.5  0
8   1.5  1
3   1.5  0
11  1.5  1
1   1.5  0
10  1.5  1
8   1.5  0
10  1.5  1
7   1.5  0
8   1.75 1
4   1.75 0
8   1.75 1
3   1.75 0
3   1.75 1
2   1.75 0
8   1.75 1
8   1.75 0
1   1.75 1
4   1.75 0
